Log [elementos: 0]


posicao: 0
ok
Log [elementos: 1]
[1;1.000000;0] 

posicao: 1
ok
Log [elementos: 2]
[3;3.000000;0] [1;1.000000;1] 

posicao: 2
ok
Log [elementos: 3]
[3;3.000000;0] [1;1.000000;1] [2;2.000000;2] 

posicao: 3
ok
Log [elementos: 4]
[3;3.000000;0] [1;1.000000;1] [2;2.000000;2] [0;0.000000;3] 

posicao: 4
ok
Log [elementos: 5]
[5;5.000000;0] [3;3.000000;1] [2;2.000000;2] [0;0.000000;3] [1;1.000000;4] 

nok (6)
Log [elementos: 5]
[5;5.000000;0] [3;3.000000;1] [2;2.000000;2] [0;0.000000;3] [1;1.000000;4] 

nok (7)
Log [elementos: 5]
[5;5.000000;0] [3;3.000000;1] [2;2.000000;2] [0;0.000000;3] [1;1.000000;4] 

nok (8)
Log [elementos: 5]
[5;5.000000;0] [3;3.000000;1] [2;2.000000;2] [0;0.000000;3] [1;1.000000;4] 

nok (9) - esperado, pois a nova prioridade nao eh maior
Log [elementos: 5]
[5;5.000000;0] [3;3.000000;1] [2;2.000000;2] [0;0.000000;3] [1;1.000000;4] 

nok (10) - esperado, elemento com id=4 nao existe
Log [elementos: 5]
[5;5.000000;0] [3;3.000000;1] [2;2.000000;2] [0;0.000000;3] [1;1.000000;4] 

Fila vazia (1)
Log [elementos: 5]
[5;5.000000;0] [3;3.000000;1] [2;2.000000;2] [0;0.000000;3] [1;1.000000;4] 

Fila vazia (2)
Log [elementos: 5]
[5;5.000000;0] [3;3.000000;1] [2;2.000000;2] [0;0.000000;3] [1;1.000000;4] 

Fila vazia (3)
Log [elementos: 5]
[5;5.000000;0] [3;3.000000;1] [2;2.000000;2] [0;0.000000;3] [1;1.000000;4] 

Fila vazia (4)
Log [elementos: 5]
[5;5.000000;0] [3;3.000000;1] [2;2.000000;2] [0;0.000000;3] [1;1.000000;4] 

Fila vazia (5)
Log [elementos: 5]
[5;5.000000;0] [3;3.000000;1] [2;2.000000;2] [0;0.000000;3] [1;1.000000;4] 

Fila vazia (6)
Log [elementos: 5]
[5;5.000000;0] [3;3.000000;1] [2;2.000000;2] [0;0.000000;3] [1;1.000000;4] 

Fila vazia (7)
Log [elementos: 5]
[5;5.000000;0] [3;3.000000;1] [2;2.000000;2] [0;0.000000;3] [1;1.000000;4] 

nok (10)
Log [elementos: 5]
[5;5.000000;0] [3;3.000000;1] [2;2.000000;2] [0;0.000000;3] [1;1.000000;4] 

nok (11)
Log [elementos: 5]
[5;5.000000;0] [3;3.000000;1] [2;2.000000;2] [0;0.000000;3] [1;1.000000;4] 

nok (12)
Log [elementos: 5]
[5;5.000000;0] [3;3.000000;1] [2;2.000000;2] [0;0.000000;3] [1;1.000000;4] 

nok (13)
Log [elementos: 5]
[5;5.000000;0] [3;3.000000;1] [2;2.000000;2] [0;0.000000;3] [1;1.000000;4] 

nok (14)
Log [elementos: 5]
[5;5.000000;0] [3;3.000000;1] [2;2.000000;2] [0;0.000000;3] [1;1.000000;4] 



Reduzindo prioridade
nok (15)
Log [elementos: 5]
[5;5.000000;0] [3;3.000000;1] [2;2.000000;2] [0;0.000000;3] [1;1.000000;4] 

nok (16) - esperado, nova prioridade eh maior
Log [elementos: 5]
[5;5.000000;0] [3;3.000000;1] [2;2.000000;2] [0;0.000000;3] [1;1.000000;4] 

nok (17)
Log [elementos: 5]
[5;5.000000;0] [3;3.000000;1] [2;2.000000;2] [0;0.000000;3] [1;1.000000;4] 

nok (18) - esperado, nova prioridade eh igual
Log [elementos: 5]
[5;5.000000;0] [3;3.000000;1] [2;2.000000;2] [0;0.000000;3] [1;1.000000;4] 

nok (19) - esperado, elemento com id=4 nao existe
Log [elementos: 5]
[5;5.000000;0] [3;3.000000;1] [2;2.000000;2] [0;0.000000;3] [1;1.000000;4] 

